10000 10000
7 (111.972110,-6.978008)
75 (111.677951,-6.189004)
12 (111.653188,-6.806353)
73 (111.422242,-6.718548)
14 (111.891200,-6.184986)
27 (111.448963,-6.179880)
32 (111.744131,-6.661183)
68 (111.523178,-6.181363)
15 (111.801694,-6.380616)
17 (111.712955,-6.234053)
70 (111.830379,-6.393730)
27 (111.706053,-6.744656)
98 (111.388362,-6.994559)
45 (111.250001,-6.422911)
38 (111.503769,-6.579528)
77 (111.746410,-6.001989)
16 (111.684621,-6.015637)
44 (111.483461,-6.774986)
94 (111.465387,-6.857856)
41 (111.220865,-6.031773)
6 (111.508572,-6.675910)
92 (111.031488,-6.991497)
18 (111.579641,-6.511801)
60 (111.189158,-6.372934)
9 (111.742869,-6.839512)
15 (111.209913,-6.160698)
47 (111.077026,-6.526391)
13 (111.961702,-6.776101)
46 (111.709286,-6.063287)
23 (111.909846,-6.746840)
94 (111.116593,-6.343585)
21 (111.412721,-6.141493)
76 (111.682760,-6.462549)
25 (111.390811,-6.082729)
45 (111.022026,-6.239492)
64 (111.764915,-6.470740)
84 (111.446219,-6.956321)
84 (111.463928,-6.313382)
63 (111.397759,-6.640321)
68 (111.403830,-6.830977)
63 (111.789512,-6.966561)
21 (111.353017,-6.057043)
68 (111.885830,-6.701839)
41 (111.274903,-6.145374)
86 (111.977086,-6.473536)
81 (111.606229,-6.350745)
84 (111.427701,-6.394445)
62 (111.922989,-6.896320)
95 (111.563727,-6.987671)
62 (111.756478,-6.409310)
26 (111.701626,-6.563848)
64 (111.605618,-6.039189)
16 (111.030787,-6.974249)
63 (111.793599,-6.074829)
82 (111.584042,-6.236436)
64 (111.952800,-6.481207)
85 (111.692212,-6.782761)
79 (111.790564,-6.090687)
47 (111.467631,-6.678801)
55 (111.866901,-6.458603)
41 (111.216596,-6.893775)
89 (111.424523,-6.569406)
91 (111.509254,-6.632204)
62 (111.217642,-6.044997)
78 (111.105130,-6.243170)
71 (111.433034,-6.603238)
56 (111.093748,-6.063716)
0 (111.054851,-6.515671)
85 (111.123075,-6.441390)
61 (111.856959,-6.303598)
64 (111.216022,-6.904667)
10 (111.653261,-6.468873)
60 (111.212274,-6.533074)
65 (111.932661,-6.860034)
78 (111.101129,-6.391554)
1 (111.540742,-6.731171)
90 (111.912908,-6.683715)
61 (111.723895,-6.238377)
52 (111.212604,-6.951577)
14 (111.518320,-6.335686)
21 (111.033343,-6.212652)
81 (111.622856,-6.944636)
42 (111.121775,-6.360919)
78 (111.534611,-6.118168)
65 (111.857529,-6.078191)
51 (111.123189,-6.966767)
77 (111.318885,-6.284553)
4 (111.559684,-6.006596)
41 (111.840417,-6.357466)
49 (111.276153,-6.468034)
89 (111.500217,-6.026723)
97 (111.447520,-6.337461)
98 (111.674363,-6.032059)
38 (111.813926,-6.487687)
88 (111.739305,-6.485964)
8 (111.269191,-6.890137)
9 (111.115394,-6.305621)
73 (111.468217,-6.548299)
74 (111.085444,-6.131335)
