492 492
36 (45.479952,-72.605860)
55 (45.898793,-72.317400)
73 (45.054575,-72.927508)
4 (45.153267,-72.484777)
48 (45.780917,-72.136022)
99 (45.772555,-72.563333)
47 (45.123332,-72.200574)
9 (45.710304,-72.883507)
27 (45.063574,-72.828415)
2 (45.572809,-72.702943)
33 (45.328156,-72.885593)
22 (45.036300,-72.920677)
45 (45.408043,-72.370908)
37 (45.682737,-72.891405)
96 (45.152173,-72.697437)
72 (45.212066,-72.313287)
40 (45.406396,-72.655217)
84 (45.381752,-72.017838)
89 (45.164914,-72.547908)
70 (45.877310,-72.278286)
6 (45.639332,-72.344480)
50 (45.924818,-72.138981)
50 (45.206909,-72.253576)
16 (45.838631,-72.946418)
80 (45.249770,-72.232791)
10 (45.420149,-72.164599)
48 (45.409327,-72.099941)
29 (45.821758,-72.526265)
75 (45.869661,-72.775281)
67 (45.075032,-72.862404)
46 (45.753755,-72.728066)
36 (45.280152,-72.908258)
10 (45.582562,-72.352242)
87 (45.065088,-72.339011)
78 (45.631423,-72.785577)
11 (45.367660,-72.229769)
26 (45.971188,-72.607808)
10 (45.337698,-72.367827)
2 (45.181388,-72.425565)
12 (45.903188,-72.377078)
58 (45.673707,-72.997872)
49 (45.196074,-72.188009)
71 (45.804827,-72.742844)
61 (45.018507,-72.070569)
38 (45.963019,-72.652199)
29 (45.714973,-72.400439)
53 (45.664739,-72.914644)
55 (45.507674,-72.830826)
1 (45.268164,-72.445784)
3 (45.428898,-72.594172)
10 (45.699621,-72.829361)
23 (45.962430,-72.441716)
0 (45.015801,-72.662305)
74 (45.403582,-72.903470)
25 (45.484586,-72.118632)
97 (45.060030,-72.870581)
42 (45.812014,-72.680240)
21 (45.674484,-72.422137)
64 (45.457597,-72.390563)
78 (45.798750,-72.755534)
11 (45.581302,-72.316720)
85 (45.112792,-72.685695)
95 (45.651867,-72.340579)
13 (45.685773,-72.477699)
29 (45.491416,-72.906333)
43 (45.389308,-72.217509)
36 (45.212963,-72.895501)
78 (45.459037,-72.376143)
89 (45.121621,-72.187453)
80 (45.756653,-72.663301)
83 (45.971744,-72.339953)
96 (45.659080,-72.381020)
4 (45.570288,-72.916978)
61 (45.595910,-72.597852)
50 (45.048323,-72.055409)
73 (45.502040,-72.203966)
33 (45.878484,-72.869798)
47 (45.888582,-72.762884)
22 (45.499846,-72.253564)
32 (45.987122,-72.373587)
55 (45.993089,-72.020501)
75 (45.120190,-72.918132)
22 (45.033773,-72.449417)
98 (45.900303,-72.899604)
48 (45.370168,-72.004570)
31 (45.317640,-72.586971)
45 (45.691753,-72.046673)
41 (45.453575,-72.925149)
90 (45.481696,-72.152084)
62 (45.516594,-72.729502)
76 (45.586197,-72.809736)
6 (45.281030,-72.538198)
66 (45.831890,-72.950246)
11 (45.573426,-72.551890)
86 (45.426642,-72.292634)
55 (45.658562,-72.287330)
83 (45.399389,-72.678070)
73 (45.832932,-72.580593)
14 (45.906370,-72.965291)
90 (45.334733,-72.132827)
