3400 5600 
1(45.9715, -73.0696)
2(45.1776, -73.6799)
3(45.1544, -73.8742)
4(45.2463, -73.8264)
5(45.0576, -73.5477)
6(45.1146, -73.961)
7(45.0261, -73.8908)
8(45.3205, -73.0628)
9(45.15, -73.2568)
10(45.3419, -73.1545)
11(45.2008, -73.2696)
12(45.1532, -73.1134)
13(45.6355, -73.7015)
14(45.8048, -73.13)
15(45.6916, -73.7008)
16(45.0168, -73.0607)
17(45.474, -73.1615)
18(45.0465, -73.4331)
19(45.4616, -73.2296)
20(45.0866, -73.8476)
21(45.031, -73.7173)
22(45.8582, -73.5451)
23(45.1743, -73.8169)
24(45.8846, -73.498)
25(45.3952, -73.4762)
26(45.4828, -73.175)
27(45.9747, -73.8421)
28(45.2464, -73.7644)
29(45.0434, -73.539)
30(45.4291, -73.1944)
31(45.0159, -73.6804)
32(45.9891, -73.7141)
33(45.6889, -73.2976)
34(45.701, -73.013)
35(45.4016, -73.3788)
36(45.9326, -73.5777)
37(45.7498, -73.6983)
38(45.301, -73.1633)
39(45.2046, -73.4488)
40(45.4253, -73.0954)
41(45.364, -73.6018)
42(45.6134, -73.8165)
43(45.5146, -73.8809)
44(45.9208, -73.0093)
45(45.4406, -73.7391)
46(45.0685, -73.8396)
47(45.3628, -73.5108)
48(45.0357, -73.7587)
49(45.3487, -73.6807)
50(45.2307, -73.5)
51(45.4418, -73.268)
52(45.5199, -73.1492)
53(45.9449, -73.385)
54(45.6215, -73.5511)
55(45.8309, -73.3969)
56(45.4379, -73.7428)
57(45.1917, -73.7765)
58(45.7921, -73.5903)
59(45.1095, -73.3258)
60(45.1267, -73.9728)
61(45.4181, -73.9527)
62(45.1179, -73.0972)
63(45.2506, -73.3536)
64(45.4497, -73.5392)
65(45.7613, -73.7799)
66(45.3934, -73.1426)
67(45.6599, -73.8941)
68(45.4006, -73.8826)
69(45.8864, -73.9015)
70(45.5947, -73.4839)
71(45.1198, -73.7561)
72(45.7325, -73.691)
73(45.3573, -73.9139)
74(45.7951, -73.3379)
75(45.6502, -73.2693)
76(45.0329, -73.4329)
77(45.6021, -73.6289)
78(45.636, -73.9088)
79(45.1354, -73.8237)
80(45.4558, -73.15)
81(45.9034, -73.2586)
82(45.5187, -73.8768)
83(45.5702, -73.2845)
84(45.377, -73.1343)
85(45.7089, -73.8688)
86(45.3254, -73.8689)
87(45.3254, -73.0507)
88(45.3349, -73.0667)
89(45.9597, -73.7802)
90(45.3745, -73.1185)
91(45.1372, -73.8929)
92(45.1993, -73.6482)
93(45.4709, -73.143)
94(45.6152, -73.4701)
95(45.0655, -73.4353)
96(45.2108, -73.5161)
97(45.043, -73.5379)
98(45.4996, -73.0616)
99(45.5615, -73.202)
100(45.1923, -73.4036)
